FID:  80.54396922127819 horse2zebra
FID:  93.05158869715672 zebra2horse